0.13690428 0.9926025
-0.9600873 -0.054724574
0.1455645 1.0069066
-0.25850248 -0.48733836
-0.08676039 -0.23416695
-0.35504878 -0.8345828
-0.2522014 -0.7197904
-0.25618848 -0.52985716
-0.13282913 -0.45877692
0.8739483 0.18197742
0.8254852 0.50298303
0.8878162 0.13183889
0.91755927 0.054865345
0.84897614 0.30745292
0.8417496 -0.08669082
0.6820348 0.46360803
0.8912662 0.24607223
0.94596845 -0.11866904
0.8162232 0.17309266
0.94434184 0.030219737
0.87108576 0.16742736
0.95334595 0.16815004
0.8696021 0.029486561
0.9288622 -0.06129288
0.7588261 0.53007156
0.7847425 0.543324
0.76040643 0.3390336
0.8504934 0.16927737
-1.4320152 -0.021474656
-1.4875561 -0.24614292
-1.5164222 0.35403982
-1.5467783 0.33230713
-1.5119025 0.5310743
-1.7756683 0.28921965
-1.4285724 -0.07383384
-1.6908382 0.40550458
-1.736302 0.53960353
-1.3245984 0.2586552
-1.5914735 0.17817533
-1.623842 0.2611266
-1.5029235 0.17027637
-1.1027895 0.5148403
-1.9981555 0.65266067
-1.4620599 -0.116201006
-1.3637576 -0.0370389
-1.3883873 -0.02160902
-1.4193878 0.2715143
1.076167 -0.0053243116
0.8923461 0.27916476
1.1180371 -0.04750342
1.0772568 -0.11263346
1.0468436 0.080364965
1.125568 -0.22965458
1.0067993 0.22869891
1.1682626 0.013027728
1.0949178 -0.24429742
1.0516355 0.04984246
1.0924861 -0.013705999
1.1193951 0.0024150666
1.1819912 -0.009847265
0.9980413 -0.1342991
1.0652629 -0.30332762
0.97903115 0.3343311
1.0223057 0.23448274
0.9274034 0.19304666
1.0270923 -0.10516708
0.6910343 0.3617314
0.7406037 0.53095144
0.81126016 0.108345814
0.8965894 0.44214725
0.913881 0.04972208
0.75743645 0.32157248
0.8185802 0.24439922
0.8884722 0.038585216
0.88435626 0.30576432
0.92378956 0.1262156
0.86569446 0.007832348
0.86398005 0.35643026
0.67453986 0.13000277
0.7738281 -0.12828478
0.78359765 0.44285712
0.65708554 0.432787
0.6538028 0.25680315
0.87648624 0.20419481
0.43208364 2.28831
-1.3988518 -0.038765118
-1.4482234 -0.04588256
-1.5638946 0.6979109
-1.5649887 0.69135034
-1.7367983 0.527404
-1.3340942 -0.039436147
-1.5249608 0.43937415
-1.5908439 0.50669026
-1.4068823 0.28675893
-1.5741577 0.36712906
-1.5865066 0.43126443
-1.5914624 0.34508884
-1.3610433 0.791999
-1.9540132 0.51802653
-1.4060748 0.048482753
-1.4119246 -0.06277149
-1.5009888 0.016816355
-1.4761413 0.38534966
-1.2161849 2.8762927
0.95714223 0.15485117
1.0138111 0.3902463
1.049185 -0.061508447
1.1817505 0.26691133
1.0188223 -0.26178223
0.973201 0.17477804
1.0827979 -0.0064569004
1.130217 -0.13570383
1.0697132 0.11800889
1.1458083 -0.028420918
1.0914847 -0.13859344
1.0990806 0.15996128
0.9139336 -0.04639139
1.0971802 -0.14081496
1.0735977 0.2992937
0.935904 0.32044795
0.9616121 0.08244029
1.089438 0.061927106
0.6777793 1.7548006
-0.9073424 -0.041117072
-0.9140317 -0.054290973
0.5717817 -0.08839914
0.5294901 -0.21605751
0.36145762 0.0015729461
0.3532882 -0.18670526
0.3576589 -0.23265684
0.41207403 -0.21066713
0.4593811 -0.22927654
0.4409799 -0.39009827
-0.23756449 -1.6830401
-0.29210517 -1.7747134
-0.37022203 -1.6352438
-0.33796257 -1.582463
-0.4128461 -1.5494673
-0.41213423 -1.6120483
-0.48339 -0.45184052
-0.39229575 3.6922555
-0.9473909 -0.41749838
-1.2053871 -0.068799034
-0.14277709 1.2933898
0.79178214 0.30175135
0.8203414 0.3322499
